	C1_FDSW202534412-1r	E5_FDSW202534388-1r	E10_FDSW202534389-1r	E20_FDSW202534390-1r	E50_FDSW202534391-1r	E100_FDSW202534392-1r	E150_FDSW202534393-1r	N5_FDSW202534406-1r	N10_FDSW202534407-1r	N20_FDSW202534408-1r	N50_FDSW202534409-1r	N100_FDSW202534410-1r	N150_FDSW202534411-1r	S5_FDSW202534394-1r	S10_FDSW202534395-1r	S20_FDSW202534396-1r	S50_FDSW202534397-1r	S100_FDSW202534398-1r	S150_FDSW202534399-1r	W5_FDSW202534400-1r	W10_FDSW202534401-1r	W20_FDSW202534402-1r	W50_FDSW202534403-1r	W100_FDSW202534404-1r	W150_FDSW202534405-1r
SD_QD_2023_07_80_normal_bin_18	0	0	0.903836457	0.994067786	0.823234976	0.821761089	0.799467224	0.900042812	0	0	0	0	0	0	0	0	0	0	0	0	0	0	0	0	0
SD_QD_2023_07_100_ultra_bin_1	0	1.068667576	0.95206192	0.856333274	0	0	1.067522131	0	0	0	0	0	0	0	0	0	0	0	0	1.245689505	0	0	0	1.220173592	0
SD_QD_2023_07_80_ultra_bin_7	0.993294388	0	0.842166761	0.920422182	0.85038152	0	0.934312112	0.900099502	1.15647203	0	0	0.946191211	0	0	0	0	0	0	0	0	0	0	0	0	0
SD_QD_2023_07_100_ultra_bin_3	0	0	1.021989448	0	1.403237312	0	0	0	0	0	0	1.369877683	1.031914708	0.930492683	0	0	0	0	0	0	0	0	0	1.329340629	1.193877731
SD_QD_2023_07_40_ultra_bin_12	0	0	0.763115915	0	0	0	0	0.914610703	0.940174453	0	0	0	0	0	0	0	0	0	0	0	0	0	0	2.027486741	4.084310231
GD_ZH_2021_05_15_bin_1	0	1.453763184	1.013508077	1.310731607	0	0	2.244082402	0	0	0	0	0	1.373393699	1.780653241	0.978674506	1.418265913	0	0	0.920188502	1.138708801	0	0	0	0	0
SD_QD_2023_07_80_normal_bin_13	1.013157298	1.415539243	1.228686377	1.568890868	1.14048301	1.283529495	1.609649273	1.131423769	1.706590102	0	0.958168829	1.348360014	1.210943295	1.208193413	1.125580293	0.961591915	0	1.117917012	0.934804123	1.210976179	0	0.942051367	0	1.165527071	0
SD_QD_2020_06_15_bin_11	0	1.873933615	3.270049561	1.486427769	0	0	0	0	0	1.107858349	0	0	0	1.876232836	1.185052851	3.56891602	4.158177201	1.994124764	1.434595648	1.277067785	0	1.478865167	0	1.834727306	0
SD_QD_2023_07_20_normal_bin_3	1.53035512	1.771948228	1.58664411	1.591668382	3.100261781	1.408512617	1.943508538	1.218014055	1.461214661	0	1.749547313	2.891144132	2.829303149	1.273764331	0	1.512638789	0	0	1.057003195	1.302491269	0	0	0	0	0
SD_QD_2020_06_15_bin_7	1.054686013	1.522525974	1.725810061	1.530583632	1.944302131	1.842800711	2.186673143	1.041603187	1.392163856	0	1.761468038	1.492480235	1.70101063	1.470040702	1.309829086	1.214086425	0	0	1.1407839	1.013877115	1.029606706	1.146382459	0	1.137041807	0
SD_QD_2023_07_100_ultra_bin_9	1.512675629	1.604586758	1.588619189	1.70651439	1.800141071	1.153481303	1.622969727	1.542607266	1.759649014	1.069602436	1.204568969	1.889210873	1.697799536	1.308421598	1.020493556	1.368288058	1.061715716	1.109987577	1.193142366	1.440519609	1.10589815	1.053749029	0	1.280049126	0
SD_QD_2020_06_15_bin_6	1.436914307	1.13436298	1.025745446	1.060135493	2.164477955	1.665938906	0.800863163	1.329274231	1.284290674	0	1.849826982	2.568902802	1.346456045	1.264656675	1.228494052	1.782836527	2.85721836	4.723338053	2.626954018	1.356525521	1.119392414	1.85853152	2.343991851	1.624279252	2.340270226
SD_QD_2023_07_40_ultra_bin_16	1.468433341	1.54725568	2.005005042	1.719474039	3.876038021	1.504326098	1.54656121	1.420111282	1.466690371	1.237449363	2.650922845	4.274311749	3.34281702	1.944888305	1.065365153	2.132279253	1.123532974	1.303841135	2.20392892	1.530088308	1.350956966	1.37665968	1.056855406	1.40146323	1.284044679
SD_QD_2023_07_60_normal_bin_5	2.019428228	2.271690289	2.725639153	2.310372222	0.982274719	1.013934958	1.903864662	2.737841796	2.545365774	1.301983572	1.010483464	1.11325496	1.459623538	2.462002669	1.829569241	1.978382372	1.596068154	1.591579822	1.68864064	2.507370612	1.58642443	2.025014321	1.601901292	3.016597201	2.372887803
SD_QD_2020_06_15_bin_4	1.568060941	2.555956291	3.073669028	1.777441995	3.211408398	1.425597783	1.158035553	1.221133231	1.846107804	1.155780348	1.493257126	4.170400548	5.750903327	2.703800305	1.410865803	2.774816431	0	1.024638943	1.637284696	1.646374061	1.931954573	2.032209344	1.443094987	1.463090305	0
SD_QD_2020_06_15_bin_14	1.782182035	1.789578617	2.377777451	2.033185631	3.303909638	3.654738824	2.796411601	1.540849296	2.27121024	1.270556073	3.629936499	4.265372136	2.675750917	1.907175993	1.381354554	1.49699401	1.012276817	1.022677183	1.77661631	1.570091536	1.282536883	1.401532112	1.158578264	1.090402277	0
SD_QD_2023_07_60_ultra_bin_7	2.21580992	2.694328959	2.56634761	2.684865095	2.500085913	1.992306615	2.352048151	2.116895207	3.312603616	1.546748911	2.291971305	2.38045124	1.967241456	2.183842624	1.940378028	1.909538213	1.677918575	1.514020782	1.706965891	2.355866476	1.845434609	1.756902123	1.627924214	2.048495379	2.297058567
SD_QD_2023_07_80_normal_bin_14	2.470563433	2.357891683	2.764566122	3.09656841	2.122315141	2.075920018	2.304353354	2.149243261	3.583332765	1.549507397	1.983018496	2.619525765	2.536698766	1.871766979	2.188494946	1.720505063	1.762004089	1.495944393	1.608967159	2.121933516	1.708212157	1.737299093	1.444689252	2.4070979	2.043617489
SD_QD_2020_06_15_bin_41	1.761166058	3.582554706	2.934368275	3.193330897	0	1.820954569	5.134902115	2.493358275	2.444632763	1.270081907	0	1.294230192	3.019172309	4.136948072	2.578004563	2.479050597	1.745188897	1.27205244	1.741719968	3.11144798	2.638165899	1.967547847	1.574326711	1.680911305	0
SD_QD_2023_07_40_normal_bin_17	2.122633887	2.878668737	3.199340524	2.815659611	0	1.223236119	3.555221358	3.040578928	3.681705397	1.815401608	0	0	1.474094154	3.337771633	2.585205484	1.716264194	1.443306116	1.069905595	1.4539349	4.207732597	2.760980263	2.359276201	1.393091507	4.109528362	2.479616277
SD_QD_2020_06_15_bin_26	1.871372865	2.633061602	2.069888248	1.938957013	5.432706336	3.30011013	2.297763175	1.675544189	1.687947746	1.151527572	3.545985204	5.075039092	4.32263313	2.280545785	1.498602264	2.133629091	1.286296821	1.292865768	1.58428787	1.798692812	1.579333577	1.721373787	1.217693796	1.254395031	1.038597279
SD_QD_2020_06_15_bin_13	2.060298588	2.710793145	2.408774782	2.506383645	4.911078179	2.369420401	3.345822696	2.181841686	2.412256352	1.479223606	3.35059851	4.928657441	4.466011299	2.345747878	1.401480054	2.138403843	1.397893039	1.23660529	1.843004839	2.219566057	1.716570242	1.541198324	1.273901307	1.526837308	0
SD_QD_2020_06_15_bin_23	1.621138711	1.870284636	1.535060762	1.236949353	9.689467018	6.355156061	2.324693714	1.30844572	1.154380093	1.420071875	7.841648489	8.835959608	5.092176173	2.800226811	1.626060055	2.423952254	1.390517861	0.975634168	1.267554438	1.682384013	1.468393584	1.128748375	1.218990942	0	0
SD_QD_2020_06_15_bin_29	2.600101959	2.976468944	3.16203768	2.769344415	5.915131953	4.683855427	3.266914554	1.703471801	1.613418097	1.418908532	6.461017532	5.035295539	4.460730199	4.092159931	2.770473109	3.430091823	1.670566228	1.518982549	1.667591922	3.122216546	2.833498966	2.469324959	2.250662643	1.626561449	0
SD_QD_2020_06_15_bin_38	3.13214847	3.632398578	3.462081715	3.710242767	3.060564696	3.263184084	4.201870847	3.021513829	4.037567768	2.388309716	2.784158263	3.290307013	2.613931917	3.507456844	2.753784201	2.98056227	2.142623397	2.24571562	2.88635727	3.530867037	2.426266958	2.415942974	2.199679842	2.836269794	2.362491221
SD_QD_2020_06_15_bin_12	2.816702023	3.695389183	4.618614593	4.156477474	3.641948203	2.86243249	5.017345973	2.994596325	3.659252387	1.958594439	2.442630914	4.368831472	5.278994457	4.226146253	2.938943093	3.633383305	2.165713904	2.035779476	3.027096963	4.10075205	3.398156257	2.501111872	2.229294775	2.94850148	1.022825521
SD_QD_2020_06_15_bin_35	4.307896697	3.512285067	3.763919415	2.881245021	2.235365031	1.159034138	1.827589538	4.309941245	6.437744228	2.592895788	2.004265228	2.10250736	1.878202454	2.818609957	2.515351511	2.32437364	2.484158659	2.886566387	2.93911584	4.189070998	3.379009463	2.583019372	2.444878844	8.292484116	5.984571846
SD_QD_2020_06_15_bin_20	4.067009939	3.213272163	2.876145475	3.067962565	4.190258121	2.129747084	2.616765835	4.161268409	3.296051854	2.085819875	2.762978712	3.802478518	3.498414291	3.359909935	2.876794067	4.00042556	3.542111247	3.810798477	3.867354574	3.358484234	2.6588767	2.864486463	3.205197976	3.968622951	3.997842533
SD_QD_2023_07_40_ultra_bin_9	7.661646475	5.733218845	7.877279687	9.919016885	0.937378504	0	0.752303203	5.952971268	17.15625786	3.641108646	0	1.072201727	1.153389735	5.283807825	2.819653501	1.844152731	0	0.962292286	1.406338518	6.517892598	3.946739859	2.459709725	0.941447823	5.007102108	2.656292389
SD_QD_2020_06_15_bin_40	2.492095624	3.5256109	3.251526211	2.506928781	10.56620525	7.959699272	4.554538633	2.010050313	1.967628918	2.881555493	10.74272868	10.05210917	6.861283143	4.024593265	3.266280116	4.048818466	2.459792887	2.157079839	1.759469204	2.69730166	2.673179751	2.207803816	2.196756775	1.402381684	0
SD_QD_2020_06_15_bin_44	5.761233028	4.743333271	5.287264508	5.84519048	6.270419401	7.240939447	6.726455755	5.453628743	6.187174204	5.059173026	9.152848016	7.154206969	4.791080047	4.674875961	4.730336293	4.666830227	5.079866608	6.084382521	4.495591596	4.533906996	4.608130897	4.339064421	4.82819363	6.352456938	4.650479296
LN_DD_2021_06_15_bin_10	4.385197616	5.066963842	5.786892519	4.03072595	17.9136744	7.119649073	4.291773306	3.313337413	4.845689551	3.349050078	10.89352132	15.47277897	11.2030032	5.610884303	3.223359479	5.490194544	2.910922944	2.92044568	3.571130791	4.766642648	3.882176307	3.488125715	2.80016672	5.149093933	1.303662121
SD_QD_2020_06_15_bin_37	4.949807306	10.91750144	11.06848509	8.470208046	31.46352271	12.29130414	12.2308419	5.944475475	5.467085743	5.10337697	20.22681518	32.59420861	26.27040799	11.51254914	5.709025729	13.83366722	5.28739191	5.146319032	7.214242393	8.849415472	8.321664244	7.70411116	6.783965434	4.634403574	1.327604995
