	C1_FDSW202534412-1r	E5_FDSW202534388-1r	E10_FDSW202534389-1r	E20_FDSW202534390-1r	E50_FDSW202534391-1r	E100_FDSW202534392-1r	E150_FDSW202534393-1r	N5_FDSW202534406-1r	N10_FDSW202534407-1r	N20_FDSW202534408-1r	N50_FDSW202534409-1r	N100_FDSW202534410-1r	N150_FDSW202534411-1r	S5_FDSW202534394-1r	S10_FDSW202534395-1r	S20_FDSW202534396-1r	S50_FDSW202534397-1r	S100_FDSW202534398-1r	S150_FDSW202534399-1r	W5_FDSW202534400-1r	W10_FDSW202534401-1r	W20_FDSW202534402-1r	W50_FDSW202534403-1r	W100_FDSW202534404-1r	W150_FDSW202534405-1r
GD_ZH_2021_05_15_bin_2	0	0	0.772730239	0	0	0	0	0	0	0	0	0	0	0	0	0	0	0	0	0	0	0	0	0	0
SD_QD_2020_08_15_bin_2	0	0	0	0	0	0	0	0	0	0	0	0	0	0	0	1.316000821	0	0	0	0	0	0	0	0	3.334552437
SD_QD_2023_07_60_ultra_bin_2	0	0	0	0	0	0	0	0	0	0	0	0	0	0	0	0	0	1.269873905	0	0	0	1.155080892	0	0.994685461	1.250978358
SD_QD_2023_07_80_normal_bin_3	0	0.895509717	0.882482172	0	0	0	0	1.537164063	0	0	0	0.991466036	1.352011695	0	0	1.098990578	1.174306378	1.441031822	1.101244853	1.014171308	0	1.832831069	1.220041917	2.171832048	1.742257773
SD_QD_2020_06_15_bin_1	0.972678808	1.64811717	2.057508365	0.973870036	0.817456805	0	0	0.93505772	0	0	0	1.1672039	1.999729362	1.586126564	0.859027381	1.627767526	0.949880456	1.443645384	1.694977244	0	1.428303251	1.307159451	0.993197665	0	0
SD_QD_2020_10_15_bin_7	1.175406926	1.300467943	1.018086067	0	0.924589234	0	0	1.665753281	0	0	0	1.803896036	2.470361893	0	0	1.541752052	1.638336598	2.36450756	2.279792188	1.061839772	1.124430666	2.039299918	2.237974445	1.187312834	1.6932074
SD_QD_2020_10_15_bin_4	1.570346684	1.17323242	0.893213913	0	0	0	0	2.433213308	0	0	0	0	0	0	0	1.761852557	2.257287476	3.597191546	1.506381249	1.279157391	1.310850323	2.897539274	2.091967618	2.809564819	3.645963068
SD_QD_2020_12_15_bin_7	1.920026407	1.28297565	1.619929397	0	0	0	0	1.874708569	1.077909855	1.147758425	0	0.986267144	2.008437628	1.013528335	0.930669818	1.845997218	2.230617973	3.064796752	2.491852451	1.490013432	1.170849898	3.080761057	2.405479712	2.26712517	2.553526054
SD_QD_2023_07_80_ultra_bin_11	1.460886616	1.773831926	2.312521408	1.28871883	0	0	0	1.767315926	1.655398046	1.174293583	0	0.95039567	2.12988634	1.625569436	1.344160454	2.073688541	1.517153911	2.379282184	2.081442306	1.248695005	1.662008457	2.53960363	1.969730483	2.652368022	1.569523971
SD_QD_2023_07_80_normal_bin_5	2.560126336	2.217986728	3.590731257	2.551081353	0	0	0.820919894	2.520608429	3.388307261	1.372498494	0	1.074383125	2.332726282	1.767574757	1.907694923	1.78368085	1.220912951	1.270595408	2.106426068	2.067732845	2.391002786	2.300783253	2.002215077	2.935979197	1.252568045
SD_QD_2020_12_15_bin_3	1.930391995	1.975880946	1.959065839	1.009022872	0	0	0	3.163729255	1.625198352	0	0	1.104029183	1.907529423	0.918387168	1.823528692	2.012645075	3.132852722	3.884064682	3.09040475	1.962708879	1.748548396	3.751373657	2.619154894	4.218555894	4.271504494
SD_QD_2020_06_15_bin_46	2.776794987	4.733001457	6.120662843	4.415259034	0	0	1.823114596	2.615209104	4.323830286	1.056618668	0	0	4.384976715	3.278363608	2.576999122	2.869793125	1.648440397	1.077535192	1.402520916	2.608822407	2.61573593	2.336798015	2.056468639	1.763348486	0
SD_QD_2023_07_40_normal_bin_12	2.114092251	2.465685253	2.449898727	1.690754705	1.950782364	0.889924987	1.014874414	3.064673785	1.907108034	1.318830758	0.99328321	2.148026792	2.580623656	1.710532549	1.481512104	2.785903044	1.992443153	3.040986075	3.997065096	2.542548704	2.428986803	2.488425235	2.346543166	3.996817166	3.108833348
SD_QD_2023_07_60_ultra_bin_3	2.634084096	2.907764711	2.83662131	2.76324821	1.413056154	1.347225683	1.555545826	2.380402051	2.91515937	3.191240851	1.387342207	1.698437311	2.454643725	2.18800955	2.914347507	2.634638604	2.013886101	2.294060839	2.322490103	2.344017244	2.223644338	2.768302708	1.686163809	2.17666086	2.083703123
SD_QD_2020_06_15_bin_42	1.477132466	1.181928958	1.302677418	0	1.135865694	0	0	1.611193385	1.129575584	0	0	1.82533991	3.0983798	0	1.035846272	2.391323213	4.825996604	11.45105208	4.133899446	1.066275317	1.700201871	6.82535337	4.78114815	2.28847374	4.086010628
SD_QD_2023_07_20_normal_bin_4	2.603573245	2.913001311	3.468593916	1.780403854	1.618994887	1.169398879	0	2.470309364	2.971344882	2.864734851	1.051641411	1.927867485	2.523216819	2.119566612	1.749402145	2.517311767	2.110047738	2.960266144	6.6950261	1.97845144	2.060207805	2.148722348	2.328903541	2.241539222	1.211005323
SD_QD_2020_06_15_bin_10	3.27922049	3.389058299	5.066819879	3.349662372	0	0	0	3.177119512	4.838337433	2.275753025	0	1.300882824	2.899496334	2.676656491	2.178824779	2.411253346	1.8504719	2.759391895	2.341638521	2.811447794	3.028710091	3.119298494	2.731576471	4.645943707	2.233405547
SD_QD_2023_07_60_ultra_bin_18	3.175024073	2.655990715	2.745000798	1.406538339	2.097863281	0.842852915	0	4.68760591	2.943375563	1.51231612	1.043288719	2.46352163	3.410710333	1.917070818	1.07557356	2.417202333	2.665459865	3.560841189	3.491492751	2.682055298	2.386540582	3.383552829	2.468010876	4.241549115	3.668752566
SD_QD_2020_06_15_bin_5	3.261817569	3.702975538	5.259330676	3.571403051	1.413731102	1.054011665	1.827461856	3.218022876	3.762286672	2.311156107	0	2.664601899	4.571727373	3.329391987	2.653275279	2.661404782	1.783903412	1.970635484	2.715842963	2.495405366	3.296338324	2.840390267	2.462805532	3.212693217	1.540793625
SD_QD_2020_06_15_bin_28	2.998902425	4.094153463	5.885207137	3.809979912	0	0	0	3.271687389	4.700688303	2.831945854	0	1.941123151	4.124214571	3.931446385	2.629041778	2.562220982	1.9475815	2.557956067	2.714097912	3.594404896	3.047700827	3.031718138	2.91067658	3.810057667	2.050706754
ZJ_WZ_2021_05_15_bin_15	3.334260127	6.309039207	6.539353557	4.62329739	0.855341417	0	1.705320922	3.914252762	4.759972428	2.097268611	0	2.473244286	5.48124511	5.387080466	2.506041285	4.015662252	1.913359701	1.776976109	3.172833551	3.632778267	3.43968888	3.72944442	2.756825723	3.503743442	1.510356507
SD_QD_2020_06_15_bin_27	2.998801955	3.706561846	4.452852099	4.003972981	5.180674401	4.561683887	2.813252206	3.464770693	3.571043164	3.140103723	3.969533794	5.249075979	5.422589747	3.609710722	2.65821866	3.831370528	2.056958368	2.117134228	3.634617647	3.318979009	3.849611631	2.457138723	2.667188187	2.629681024	0
SD_QD_2020_06_15_bin_8	4.47005972	7.373803006	8.080551604	4.615375431	1.557432234	1.79221617	2.61532176	4.191787807	4.516787211	3.583504219	1.224317388	4.184831981	10.80290146	5.972601396	4.547883462	5.803112586	4.080158995	3.855415393	6.571134278	4.23722853	5.873201477	5.646609453	4.942947314	3.974512858	1.988328836
SD_QD_2023_07_40_ultra_bin_10	5.533554448	6.237888745	6.738842943	4.528688384	0.93185161	0	2.350334667	5.771807379	5.665582261	3.910162901	0	1.870213069	6.212070589	4.731483759	5.045236895	6.725600685	5.405888056	5.20547748	7.707966634	4.68058051	6.35036012	5.586980213	5.856855937	5.771924746	6.01892098
SD_QD_2023_07_100_ultra_bin_12	5.947209611	8.659736059	8.808539985	7.402560787	3.851796263	4.168108949	7.297793653	6.990651574	6.218096684	3.886073471	2.08491434	5.670511542	9.876210256	6.394384557	4.576571717	5.80292495	4.407490178	4.371826834	5.822144429	5.946156201	5.468106084	6.196959903	5.746956775	6.71281494	5.761538536
SD_QD_2023_07_60_ultra_bin_19	7.131456022	8.464771407	10.62539448	8.466487666	5.057936131	4.457698524	5.848757205	9.196127525	10.20673113	4.687154524	4.012924478	6.627663322	9.021386682	6.491229772	5.70666334	6.438152582	5.510203549	6.247855318	5.374449081	7.704872673	6.933892414	6.454581256	5.758760843	8.567928221	4.33607971
SD_QD_2023_07_40_ultra_bin_11	15.97286299	18.74417361	21.66828868	15.57068483	6.429380262	5.669509885	7.29971151	16.92898183	19.79863144	11.74706971	4.217791945	11.24633653	17.83233161	14.26288779	12.17453346	14.40234294	12.36249945	13.9592908	15.35743204	15.06188464	14.73842102	15.36631455	14.25007413	17.79681752	12.71923779
SD_QD_2023_07_40_ultra_bin_1	34.62491581	38.18850522	39.73555766	43.60276767	24.24346199	17.38063293	25.65036486	36.91166566	39.92272182	20.75686498	17.43398261	29.70791904	44.59622848	28.08746318	26.71567791	28.89475823	19.21430519	17.87028999	27.12124723	26.17661278	30.67659624	30.20291735	26.33268501	28.6890736	15.59681336
